0.20754747189630918
0.25032716225275475
0.6402580058225251
0.4485664649693528
0.8537954900978979
0.13301776978323576
0.8036167448346332
0.9593175676163401
0.8037249630386575
0.9933987754537524
0.8820344776984224
0.5611998895362391
0.5422566486728976
0.8211648742597086
0.856839184751798
0.43778016974809053
0.41800349543752835
0.4298341555221673
0.017220281281920324
0.15105953888925594
0.719458358209504
0.6843099852204183
0.09977117765446764
0.7100278325728238
0.059417796021533964
0.17770807736726624
0.7205362884345924
0.1632054552505514
0.18681294192161568
0.9485443077838465
0.3676590830665317
0.1934751028545617
0.9007831843194419
0.6741042026089602
0.4190175766798421
0.30385689503804436
0.8287412840780995
0.401792888777168
0.8767718623194144
0.5744819138762409
0.4483437448078398
0.28748934950912697
0.7695382232139208
0.643870810325156
0.8826934935679682
0.9984069854367456
0.4629426530395304
0.5217259480609409
0.6787666278489777
0.40768781067248916
0.44059627843835236
0.07579677638083859
0.990968549487893
0.9589345981761344
0.4700737775236752
0.5519795941019929
0.33488896560010195
0.6111122612433767
0.4522653131941401
0.28466515109141777
0.3507398118767846
0.5877254810425718
0.6675113351762089
0.8334479956934903
0.8216232820532717
0.248906999387283
0.5782186842836834
0.14266415310513336
0.5286921370580426
0.28102688760357
0.8251957266222827
0.9618244095559455
0.39342793574103263
0.055660158641092305
0.5637328007020705
0.6878624880386998
0.7566770858334345
0.44822629882935894
0.8254941777145826
0.994219064374815
0.5747487648395847
0.6263410437028218
0.16357561712005952
0.09713352996173708
0.7747925674862353
0.31889732365757517
0.4406218718181578
0.2761178054018597
0.004838197533336586
0.8591187002535312
0.25368673389796315
0.31343745653039645
0.5382929682533304
0.8583051901692962
0.15455748291932847
0.8465268578980942
0.14835790051493358
0.711718235460694
0.5205551141059132
0.23761762065751124
